00100111111001
00110011000100
00110001011010
01000001010101
00100111111001
00110011000100
00110001011010
01000001010101
00100111111001
00110011000100
00110001011010
01000001010101
00001011001110
00000110010000
00001001000010
00000000000000
00001000001010
00000000000000
00001010110110
00000011110010
00001011011100
00001010110000
00001011100010
00000000000000
00001111111110
00000000000000
00001100001100
00000000000000
00000001000110
00000010101101
00000001000110
00000010010001
00000001100100
00000010010011
00000001100100
00000010001010
00000000100000
00000001011110
00000000011000
00000010001100
00000000111101
00000011010010
00000000111101
00000010101010
00000110010000
00000000000000
00000000000000
00000101011000
00000011110100
00001010011000
00000000000000
00000110100000
00001010110000
00000110011110
00001010110000
00000111000000
00000000000000
00000111010110
00001011100100
00001101010110
00000010101101
00000010101101
00000010010001
00000010101010
00000010010011
00000001100100
00000010001010
00000001100100
00000001011110
00000010000101
00000010001100
00000010110010
00000011010010
00000001110001
00000010101010
00000010101010
00000010101101
00000010101101
00000010010001
00000010101010
00000010010011
00000001100100
00000010001010
00000001100100
00000001011110
00000010000101
00000010001100
00000010110010
00000011010010
00000001110001
00000010101010
00000010101010
00011000000110
00010111011010
00011110000100
00011110010110
00000001000110
00000001010110
00000010101101
00000010101101
00000001100101
00000001001011
00000010010011
00000001100100
00000000100000
00000000111110
00000001011110
00000010000101
00000001110001
00000000011100
00000011010010
00000001110001
00011110000100
00011110010110
00011110010100
00011111001010
00001111001111
00001110101101
00001111011000
00001111010010
00001111001111
00001110101101
00001111011000
00001111010010
00000110010000
00000000000000
00000000000000
00000101011000
00000011110100
00001010011000
00000000000000
00000110100000
00001010110000
00000110011110
00001010110000
00000111000000
00000000000000
00000111010110
00001011100100
00001101010110
00001010110010
00001001100000
00000110010000
00000000000000
00001001001010
00001011011100
00000000000000
00001010011000
00000110100010
00001010110000
00001010110000
00000000000000
00000111110100
00001101010000
00000000000000
00000111010110
00001100001110
00001010111010
00001111001111
00001110101101
00000001000110
00000001010110
00000010101101
00000010101101
00000001100101
00000001001011
00000010010011
00000001100100
00000000100000
00000000111110
00000001011110
00000010000101
00000001110001
00000000011100
00000011010010
00000001110001
00000010101101
00000010101101
00000010010001
00000010101010
00000010010011
00000001100100
00000010001010
00000001100100
00000001011110
00000010000101
00000010001100
00000010110010
00000011010010
00000001110001
00000010101010
00000010101010
01000001010101
01000000010010
00111111110110
01000000010101
00001011001110
00000110010000
00001001000010
00000000000000
00001000001010
00000000000000
00001010110110
00000011110010
00001011011100
00001010110000
00001011100010
00000000000000
00001111111110
00000000000000
00001100001100
00000000000000
00000001000110
00000010010001
00000001000010
00000010010001
00000001100100
00000010001010
00000001111000
00000010100001
00000000011000
00000010001100
00000001101110
00000010011100
00000000111101
00000010101010
00000001010110
00000010101010
00000001000010
00000010010001
00000010001000
00000010001101
00000001111000
00000010100001
00000001100011
00000010001010
00000001101110
00000010011100
00000000011011
00000000111101
00000001010110
00000010101010
00000001011000
00000010011101
00101101010010
00111110011110
00101100010101
00111100101001
00000101101100
00000000000000
00000000000000
00000110110010
00000110101000
00001100100110
00000000000000
00001100000010
00001001000010
00001011010110
00000000000000
00001100101010
00001001100000
00000000000000
00000000000000
00000101111000
00000000000000
00000110110010
00001000110100
00000000000000
00000000000000
00001100000010
00001011101100
00000000000000
00000110101100
00001100101010
00000000000000
00001010111010
00000010110000
00000101111000
00000110111100
00000000000000
00001000110100
00000000000000
00001010110000
00000111101000
00001011101100
00000000000000
00001011100100
00000000000000
00000101011010
00001010111010
00000000000000
00001010001110
00000110111100
00000101100010
00000001100110
00000000000000
00000010001101
00000001101100
00000010011000
00000010010111
00000001100011
00000010100001
00000001100011
00000010101001
00000000101010
00000000011111
00000000101010
00000000101010
00000010000110
00000010000110
00000010000110
00000001011001
00000000000000
00000000000000
00000111101000
00001001101110
00000000000000
00001010011000
00001000010110
00001111000010
00001010111010
00000100111000
00001010001110
00000000000000
00000101100010
00000110000000
00000001001000
00000000000000
00111101000111
00111110110010
00111101010001
00111110111111
00000010001000
00000001010111
00000010001101
00000001101100
00000001101101
00000001101101
00000001100011
00000010100001
00000000101010
00000000011111
00000000101010
00000000011111
00000010011110
00000010011110
00000010000110
00000010000110
00000110110010
00000101111100
00000000000000
00000000000000
00001100000010
00000000000000
00000000000000
00001010011000
00001100101010
00001000111110
00001010111010
00000000000000
00000101111000
00001001100100
00000000000000
00000110000000
00011101000101
00011111011010
00011111000101
00011111001101
00011111000101
00011111001101
00011111011010
00011110010110
00000000000000
00000000000000
00000111101000
00001001101110
00000000000000
00001010011000
00001000010110
00001111000010
00001010111010
00000100111000
00001010001110
00000000000000
00000101100010
00000110000000
00000001001000
00000000000000
00011101001100
00011101000101
00011110111010
00011111000101
00111100010000
00111100111110
00111101000111
00111110110010
00000010001101
00000010001000
00000010001000
00000010001101
00000010001010
00000001101101
00000001100011
00000001100011
00000000111101
00000000101010
00000001101110
00000000101010
00000010011101
00000010011110
00000001100111
00000010000110
00101100010101
00111100101001
00101100111110
00111100011111
00000001000010
00000010010001
00000010001000
00000010001101
00000001111000
00000010100001
00000001100011
00000010001010
00000001101110
00000010011100
00000000011011
00000000111101
00000001010110
00000010101010
00000001011000
00000010011101
00001001000010
00000000000000
00001011110000
00000101101100
00001010110110
00000000000000
00001010111000
00000110101000
00001011100010
00001010110000
00001101001000
00001001000010
00001100001100
00001011100100
00001110010000
00000000000000
00000001000110
00000010010001
00000001000010
00000010010001
00000001100100
00000010001010
00000001111000
00000010100001
00000000011000
00000010001100
00000001101110
00000010011100
00000000111101
00000010101010
00000001010110
00000010101010
00000001000110
00000010010001
00000001000010
00000010010001
00000001100100
00000010001010
00000001111000
00000010100001
00000000011000
00000010001100
00000001101110
00000010011100
00000000111101
00000010101010
00000001010110
00000010101010
00000000000000
00000000000000
00000101101100
00000000000000
00000011110010
00000110100000
00000110101000
00001100100110
00000000000000
00000000000000
00001001000010
00001011010110
00001011100100
00001101010110
00001001100000
00000000000000
00101110110101
00111111110110
00101101010010
00111110011110
00000001000110
00000010010001
00000001000010
00000010010001
00000001100100
00000010001010
00000001111000
00000010100001
00000000011000
00000010001100
00000001101110
00000010011100
00000000111101
00000010101010
00000001010110
00000010101010
00010111010100
00011110000100
00010110001010
00011110010100
00000001000110
00000010101101
00000001000110
00000010010001
00000001100100
00000010010011
00000001100100
00000010001010
00000000100000
00000001011110
00000000011000
00000010001100
00000000111101
00000011010010
00000000111101
00000010101010
00001011001110
00000110010000
00001001000010
00000000000000
00001000001010
00000000000000
00001010110110
00000011110010
00001011011100
00001010110000
00001011100010
00000000000000
00001111111110
00000000000000
00001100001100
00000000000000
00001001000010
00000000000000
00001011110000
00000101101100
00001010110110
00000000000000
00001010111000
00000110101000
00001011100010
00001010110000
00001101001000
00001001000010
00001100001100
00001011100100
00001110010000
00000000000000
00000001000110
00000010010001
00000001000010
00000010010001
00000001100100
00000010001010
00000001111000
00000010100001
00000000011000
00000010001100
00000001101110
00000010011100
00000000111101
00000010101010
00000001010110
00000010101010
00110001011010
01000001010101
00101110110101
00111111110110
00000001000110
00000010010001
00000001000010
00000010010001
00000001100100
00000010001010
00000001111000
00000010100001
00000000011000
00000010001100
00000001101110
00000010011100
00000000111101
00000010101010
00000001010110
00000010101010
00001001000010
00000000000000
00001011110000
00000101101100
00001010110110
00000000000000
00001010111000
00000110101000
00001011100010
00001010110000
00001101001000
00001001000010
00001100001100
00001011100100
00001110010000
00000000000000
00000001000010
00000010010001
00000010001000
00000010001101
00000001111000
00000010100001
00000001100011
00000010001010
00000001101110
00000010011100
00000000011011
00000000111101
00000001010110
00000010101010
00000001011000
00000010011101
00001011110000
00000000000000
00001100100010
00000000000000
00001010111000
00000110101000
00001100110100
00000000000000
00001101001000
00000000000000
00001001100100
00000000000000
00001110010000
00000000000000
00001000001010
00000010110000
00010110011000
00011111001001
00010110000000
00011110000011
00010110001010
00011110010100
00010110011000
00011111001001
00010110011000
00011111001001
00010110000000
00011110000011
00101101010010
00111110011110
00101100010101
00111100101001
00000001000010
00000010010001
00000010001000
00000010001101
00000001111000
00000010100001
00000001100011
00000010001010
00000001101110
00000010011100
00000000011011
00000000111101
00000001010110
00000010101010
00000001011000
00000010011101
00101110110101
00111111110110
00101101010010
00111110011110
00000001000110
00000010010001
00000001000010
00000010010001
00000001100100
00000010001010
00000001111000
00000010100001
00000000011000
00000010001100
00000001101110
00000010011100
00000000111101
00000010101010
00000001010110
00000010101010
00110001011010
01000001010101
00101110110101
00111111110110
00000001000110
00000010010001
00000001000010
00000010010001
00000001100100
00000010001010
00000001111000
00000010100001
00000000011000
00000010001100
00000001101110
00000010011100
00000000111101
00000010101010
00000001010110
00000010101010
00101110110101
00111111110110
00101101010010
00111110011110
00101110110101
00111111110110
00101101010010
00111110011110
00101101010010
00111110011110
00101100010101
00111100101001
00000010010001
00000010001110
00000010001101
00000010001000
00000010100001
00000001100100
00000010001010
00000001101101
00000010011100
00000010110010
00000000111101
00000000101010
00000010101010
00000010101010
00000010011101
00000010011110
00111110011100
00111011110100
00111100010000
00111100111110
00111100010000
00111100111110
00111101000111
00111110110010
00111101000111
00111110110010
00111101010001
00111110111111
00111101000111
00111110110010
00111101010001
00111110111111
00000010001101
00000001101100
00000010011000
00000010010111
00000001100011
00000010100001
00000001100011
00000010101001
00000000101010
00000000011111
00000000101010
00000000101010
00000010000110
00000010000110
00000010000110
00000001011001
00000000000000
00001001101110
00001000000010
00001001110000
00000000000000
00001111000010
00000000000000
00010001110000
00001010001110
00000000000000
00001101101000
00000111010110
00000000000000
00000000000000
00000101000110
00001000101100
00011111000010
00011111011010
00010101101100
00010111101110
00001010110000
00000000000000
00001011001010
00001000000010
00001011100100
00001000010110
00001100000000
00001000110010
00000000000000
00000000000000
00001101010100
00001101101000
00000001100110
00000001001000
00000011011100
00000101000110
00111101000111
00111101010001
00101110010110
00101100110010
00001010110000
00000000000000
00001011001010
00001000000010
00001011100100
00001000010110
00001100000000
00001000110010
00000000000000
00000000000000
00001101010100
00001101101000
00000001100110
00000001001000
00000011011100
00000101000110
00000000000000
00001001101110
00001000000010
00001001110000
00000000000000
00001111000010
00000000000000
00010001110000
00001010001110
00000000000000
00001101101000
00000111010110
00000000000000
00000000000000
00000101000110
00001000101100
00000000000000
00001001101110
00001000000010
00001001110000
00000000000000
00001111000010
00000000000000
00010001110000
00001010001110
00000000000000
00001101101000
00000111010110
00000000000000
00000000000000
00000101000110
00001000101100
00011111000010
00011111011010
00010101101100
00010111101110
00000010010111
00000010101011
00000000010101
00000001000001
00000010101001
00000010101001
00000001001100
00000001001100
00000000101010
00000001001001
00000000100010
00000001001001
00000001011001
00000010000100
00000000111011
00000000111011
00000010010111
00000010101011
00000000010101
00000001000001
00000010101001
00000010101001
00000001001100
00000001001100
00000000101010
00000001001001
00000000100010
00000001001001
00000001011001
00000010000100
00000000111011
00000000111011
00111101010001
00111110111111
00101100110010
00101111100010
00000010011000
00000010011000
00000001111100
00000010011000
00000001100011
00000001100011
00000001001100
00000001001100
00000001110000
00000000101010
00000001110000
00000000100010
00000001010100
00000010000110
00000000011100
00000000110110
00000010011000
00000010010111
00000010011000
00000000010101
00000001100011
00000010101001
00000001001100
00000001001100
00000000101010
00000000101010
00000000100010
00000000100010
00000010000110
00000001011001
00000000110110
00000000111011
00111101000111
00111101010001
00101110010110
00101100110010
00000010001000
00000010011000
00000000000000
00000001111100
00000001100011
00000001100011
00000000000000
00000001001100
00000000111101
00000001110000
00000000000000
00000001110000
00000000011100
00000001010100
00000000000000
00000000011100
00001010111110
00000000000000
00001101110110
00001011001010
00001101001110
00000000000000
00001011111110
00000000000000
00001101111110
00000000000000
00001111111100
00001101010100
00000111001110
00000000000000
00001001111110
00000011011100
00000010011000
00000010011000
00000001111100
00000010011000
00000001100011
00000001100011
00000001001100
00000001001100
00000001110000
00000000101010
00000001110000
00000000100010
00000001010100
00000010000110
00000000011100
00000000110110
00000010001000
00000010011000
00000000000000
00000001111100
00000001100011
00000001100011
00000000000000
00000001001100
00000000111101
00000001110000
00000000000000
00000001110000
00000000011100
00000001010100
00000000000000
00000000011100
00000010001000
00000010011000
00000000000000
00000001111100
00000001100011
00000001100011
00000000000000
00000001001100
00000000111101
00000001110000
00000000000000
00000001110000
00000000011100
00000001010100
00000000000000
00000000011100
00101110001101
00111101000111
00100011011001
00101110010110
00101100111110
00111100011111
00101110001101
00111101000111
00001010111000
00001000110100
00001010111110
00001010110000
00001101010110
00001011101100
00001101001110
00001011100100
00001000010010
00000101011010
00001101111110
00000000000000
00001100011110
00000110111100
00000111001110
00000000000000
00010111100011
00011110101101
00010001110111
00010110100100
00001100000011
00001111000110
00001001001011
00001011011001
00000010011000
00000010011000
00000001111100
00000010011000
00000001100011
00000001100011
00000001001100
00000001001100
00000001110000
00000000101010
00000001110000
00000000100010
00000001010100
00000010000110
00000000011100
00000000110110
00011110101101
00011111000010
00010110100100
00010101101100
00001010110000
00000000000000
00001011001010
00001000000010
00001011100100
00001000010110
00001100000000
00001000110010
00000000000000
00000000000000
00001101010100
00001101101000
00000001100110
00000001001000
00000011011100
00000101000110
00000010011000
00000010010111
00000010011000
00000000010101
00000001100011
00000010101001
00000001001100
00000001001100
00000000101010
00000000101010
00000000100010
00000000100010
00000010000110
00000001011001
00000000110110
00000000111011
00000000000000
00000000000000
00000111101000
00001001101110
00000000000000
00001010011000
00001000010110
00001111000010
00001010111010
00000100111000
00001010001110
00000000000000
00000101100010
00000110000000
00000001001000
00000000000000
00001000110100
00000000000000
00001010110000
00000111101000
00001011101100
00000000000000
00001011100100
00000000000000
00000101011010
00001010111010
00000000000000
00001010001110
00000110111100
00000101100010
00000001100110
00000000000000
00111101000111
00111101010001
00101110010110
00101100110010
00101110001101
00111101000111
00100011011001
00101110010110
00001010111110
00000000000000
00001101110110
00001011001010
00001101001110
00000000000000
00001011111110
00000000000000
00001101111110
00000000000000
00001111111100
00001101010100
00000111001110
00000000000000
00001001111110
00000011011100
00000010001000
00000010011000
00000000000000
00000001111100
00000001100011
00000001100011
00000000000000
00000001001100
00000000111101
00000001110000
00000000000000
00000001110000
00000000011100
00000001010100
00000000000000
00000000011100
00101110001101
00111101000111
00100011011001
00101110010110
00001010111000
00001000110100
00001010111110
00001010110000
00001101010110
00001011101100
00001101001110
00001011100100
00001000010010
00000101011010
00001101111110
00000000000000
00001100011110
00000110111100
00000111001110
00000000000000
00000010001000
00000010001101
00000010011000
00000010011000
00000001100011
00000001100011
00000001100011
00000001100011
00000001101110
00000000101010
00000001110000
00000000101010
00000001100111
00000010000110
00000001010100
00000010000110
00000010011000
00000010011000
00000001111100
00000010011000
00000001100011
00000001100011
00000001001100
00000001001100
00000001110000
00000000101010
00000001110000
00000000100010
00000001010100
00000010000110
00000000011100
00000000110110
00000010001000
00000010001101
00000010011000
00000010011000
00000001100011
00000001100011
00000001100011
00000001100011
00000001101110
00000000101010
00000001110000
00000000101010
00000001100111
00000010000110
00000001010100
00000010000110
00000000000000
00000000000000
00000111101000
00001001101110
00000000000000
00001010011000
00001000010110
00001111000010
00001010111010
00000100111000
00001010001110
00000000000000
00000101100010
00000110000000
00000001001000
00000000000000
00000110110010
00000101111100
00000000000000
00000000000000
00001100000010
00000000000000
00000000000000
00001010011000
00001100101010
00001000111110
00001010111010
00000000000000
00000101111000
00001001100100
00000000000000
00000110000000
00111110011100
00111011110100
00111100010000
00111100111110
00111100010000
00111100111110
00111101000111
00111110110010
00000110110010
00000101111100
00000000000000
00000000000000
00001100000010
00000000000000
00000000000000
00001010011000
00001100101010
00001000111110
00001010111010
00000000000000
00000101111000
00001001100100
00000000000000
00000110000000
00001110010110
00001101011011
00001101111110
00001110000100
00000110110010
00000101111100
00000000000000
00000000000000
00001100000010
00000000000000
00000000000000
00001010011000
00001100101010
00001000111110
00001010111010
00000000000000
00000101111000
00001001100100
00000000000000
00000110000000
00011101000101
00011111011010
00011111000101
00011111001101
00000110110010
00000101111100
00000000000000
00000000000000
00001100000010
00000000000000
00000000000000
00001010011000
00001100101010
00001000111110
00001010111010
00000000000000
00000101111000
00001001100100
00000000000000
00000110000000
00011110100111
00011100010110
00011101001100
00011101000101
00111110011100
00111011110100
00111100010000
00111100111110
00000000000000
00000000000000
00000110110010
00000101111100
00001100100110
00000100010000
00001100000010
00000000000000
00001011010110
00001011000010
00001100101010
00000000000000
00000000000000
00000100010000
00000101111000
00001001100100
00011111001010
00011110100011
00011110100111
00011100010110
00000010101101
00000010001011
00000010101010
00000010001000
00000001100100
00000001001011
00000001100100
00000001010000
00000010000101
00000010111001
00000010110010
00000010011100
00000001110001
00000001110001
00000010101010
00000010100000
00001000111000
00000110100010
00001000111000
00000000000000
00000000000000
00010000010000
00000000000000
00001110010110
00000111110010
00000111101110
00000000000000
00000000000000
00000000000000
00010000101110
00000111110000
00000000000000
00000010001011
00000010101111
00000010001000
00000010100001
00000001001011
00000010001100
00000001010000
00000010111000
00000010111001
00000010111001
00000010011100
00000010111001
00000001110001
00000010010011
00000010100000
00000010100000
00001101110001
00001111001111
00001100111001
00001110011001
00000101011000
00001000111000
00000000000000
00000000000000
00000110100000
00000000000000
00001100100110
00000000000000
00000000000000
00000000000000
00001011010110
00001011000010
00001101010110
00000111110000
00000000000000
00000100010000
00001110101101
00001101111010
00001111010010
00001101110001
00000010101101
00000010101101
00000010010001
00000010101010
00000010010011
00000001100100
00000010001010
00000001100100
00000001011110
00000010000101
00000010001100
00000010110010
00000011010010
00000001110001
00000010101010
00000010101010
00001111001111
00001110101101
00001111011000
00001111010010
00001100001110
00001010111010
00001111001111
00001110101101
00011000000110
00010111011010
00011110000100
00011110010110
00001001100000
00000000000000
00000000000000
00001000111000
00001011011100
00001100011110
00001010011000
00000000000000
00001010110000
00001110100110
00000110011110
00000111110010
00001101010000
00001001100110
00000111010110
00000000000000
00001010111010
00001001110101
00001110101101
00001101111010
00001110101101
00001101111010
00001111010010
00001101110001
00000010101010
00000010001000
00000010001110
00000010001101
00000001100100
00000001010000
00000001100100
00000001010000
00000010110010
00000010011100
00000010110010
00000001001011
00000010101010
00000010100000
00000010101010
00000010110010
00000000000000
00000000000000
00000110110010
00000101111100
00001100100110
00000100010000
00001100000010
00000000000000
00001011010110
00001011000010
00001100101010
00000000000000
00000000000000
00000100010000
00000101111000
00001001100100
00001111001111
00001100111001
00001110010110
00001101011011
00000000000000
00001010001110
00000101111100
00001001010000
00000100010000
00001000101000
00000000000000
00001000011010
00000000000000
00000000000000
00000000000000
00001011101010
00000100010000
00000000000000
00001001100100
00000100010110
00011100010110
00011101110000
00011101000101
00011111011010
00000010011110
00000010100001
00000010001110
00000010011110
00000010110010
00000010111000
00000010000000
00000010101001
00000001001011
00000001011010
00000000101010
00000001000001
00000010011111
00000010010010
00000010010010
00000001111101
00011100010110
00011101110000
00011101000101
00011111011010
00000000000000
00000000000000
00000110110010
00000101111100
00001100100110
00000100010000
00001100000010
00000000000000
00001011010110
00001011000010
00001100101010
00000000000000
00000000000000
00000100010000
00000101111000
00001001100100
00000000000000
00000000000000
00000110110010
00000101111100
00001100100110
00000100010000
00001100000010
00000000000000
00001011010110
00001011000010
00001100101010
00000000000000
00000000000000
00000100010000
00000101111000
00001001100100
00111011110100
00111110110010
00111100111110
01000001000011
00000001010111
00000010001110
00000001101100
00000010010111
00000001101101
00000010000000
00000010100001
00000010101001
00000000011111
00000000101010
00000000011111
00000000101010
00000010011110
00000010010010
00000010000110
00000010000100
00000001101100
00000010010111
00000010010111
00000010101011
00000010100001
00000010101001
00000010101001
00000010101001
00000000011111
00000000101010
00000000101010
00000001001001
00000010000110
00000010000100
00000001011001
00000010000100
00000000000000
00000000000000
00001001110000
00001011011010
00000000000000
00000000000000
00010001110000
00010010001100
00000000000000
00001000101010
00000111010110
00001001110100
00000000000000
00000000000000
00001000101100
00001010001010
00000010010111
00000010101011
00000000010101
00000001000001
00000010101001
00000010101001
00000001001100
00000001001100
00000000101010
00000001001001
00000000100010
00000001001001
00000001011001
00000010000100
00000000111011
00000000111011
00000100000000
00000000000000
00001011011010
00001000000010
00001001001110
00000000000000
00010010001100
00001010010110
00000000000000
00000000000000
00001001110100
00001011010010
00000000000000
00000101000110
00001010001010
00001010101110
00000010101011
00000010101011
00000001000001
00000001000001
00000010101001
00000010001111
00000001001100
00000001001100
00000001001001
00000001001001
00000001001001
00000001001001
00000010000100
00000001111111
00000000111011
00000000111011
00011110010110
00011111001011
00010111010110
00010110010101
00000010101011
00000010101011
00000001000001
00000001000001
00000010101001
00000010001111
00000001001100
00000001001100
00000001001001
00000001001001
00000001001001
00000001001001
00000010000100
00000001111111
00000000111011
00000000111011
00001111001100
00001111011101
00001100101110
00001101001101
00000000000000
00000000000000
00001001110000
00001011011010
00000000000000
00000000000000
00010001110000
00010010001100
00000000000000
00001000101010
00000111010110
00001001110100
00000000000000
00000000000000
00001000101100
00001010001010
00000010010111
00000010101011
00000000010101
00000001000001
00000010101001
00000010101001
00000001001100
00000001001100
00000000101010
00000001001001
00000000100010
00000001001001
00000001011001
00000010000100
00000000111011
00000000111011
00011111011010
00011110010110
00010111101110
00010111010110
00000001101100
00000010010111
00000010010111
00000010101011
00000010100001
00000010101001
00000010101001
00000010101001
00000000011111
00000000101010
00000000101010
00000001001001
00000010000110
00000010000100
00000001011001
00000010000100
00000000000000
00000011111010
00000100000000
00000101011110
00000000000000
00001000010100
00001001001110
00000000000000
00001000111100
00000000000000
00001000101010
00000000000000
00000110111100
00000000000000
00000000000000
00000101000110
00000010010111
00000010101011
00000010101011
00000010101011
00000010101001
00000010100011
00000010001111
00000010001000
00000010100110
00000010101001
00000001001001
00000001101100
00000010000100
00000010000100
00000001111111
00000001011011
00011111001011
00100010001111
00010110010101
00011001001011
00000101011110
00000000000000
00001000000010
00001010101010
00000000000000
00001011101110
00001010010110
00000000000000
00000000000000
00000011011110
00001011010010
00001100100110
00000101000110
00000000000000
00001010101110
00001011100010
00000010101011
00000010101011
00000001000001
00000001000001
00000010001111
00000010001000
00000001001100
00000000110110
00000001001001
00000001101100
00000001001001
00000001100101
00000001111111
00000001011011
00000000111011
00000001010101
00001111111110
00010001010011
00010000000000
00010001100110
00100000010001
00100001110010
00011111001011
00100010001111
00011111001011
00100010001111
00010110010101
00011001001011
00000010101011
00000010101011
00000001000001
00000001000001
00000010001111
00000010001000
00000001001100
00000000110110
00000001001001
00000001101100
00000001001001
00000001100101
00000001111111
00000001011011
00000000111011
00000001010101
00000010101011
00000001011101
00000001000001
00000000000000
00000010001000
00000010001000
00000000110110
00000000000000
00000001101100
00000001000001
00000001100101
00000000000000
00000001011011
00000001000011
00000001010101
00000000000000
00000101011110
00000000000000
00001000000010
00001010101010
00000000000000
00001011101110
00001010010110
00000000000000
00000000000000
00000011011110
00001011010010
00001100100110
00000101000110
00000000000000
00001010101110
00001011100010
00011111001011
00100010001111
00010110010101
00011001001011
00000101011110
00000000000000
00001000000010
00001010101010
00000000000000
00001011101110
00001010010110
00000000000000
00000000000000
00000011011110
00001011010010
00001100100110
00000101000110
00000000000000
00001010101110
00001011100010
00000010101011
00000010101011
00000001000001
00000001000001
00000010001111
00000010001000
00000001001100
00000000110110
00000001001001
00000001101100
00000001001001
00000001100101
00000001111111
00000001011011
00000000111011
00000001010101
00011110010110
00011111001011
00010111010110
00010110010101
00000101011110
00000000000000
00001000000010
00001010101010
00000000000000
00001011101110
00001010010110
00000000000000
00000000000000
00000011011110
00001011010010
00001100100110
00000101000110
00000000000000
00001010101110
00001011100010
00111101001011
01000001100110
00101101011000
00110001110110
00000010101011
00000010101011
00000001000001
00000001000001
00000010001111
00000010001000
00000001001100
00000000110110
00000001001001
00000001101100
00000001001001
00000001100101
00000001111111
00000001011011
00000000111011
00000001010101
00000010101011
00000010101011
00000001000001
00000001000001
00000010101001
00000010001111
00000001001100
00000001001100
00000001001001
00000001001001
00000001001001
00000001001001
00000010000100
00000001111111
00000000111011
00000000111011
00011111011010
00011110010110
00010111101110
00010111010110
00011111000010
00011111011010
00010101101100
00010111101110
00000000000000
00001001101110
00001000000010
00001001110000
00000000000000
00001111000010
00000000000000
00010001110000
00001010001110
00000000000000
00001101101000
00000111010110
00000000000000
00000000000000
00000101000110
00001000101100
00000000000000
00001001101110
00001000000010
00001001110000
00000000000000
00001111000010
00000000000000
00010001110000
00001010001110
00000000000000
00001101101000
00000111010110
00000000000000
00000000000000
00000101000110
00001000101100
00000010011000
00000010010111
00000010011000
00000000010101
00000001100011
00000010101001
00000001001100
00000001001100
00000000101010
00000000101010
00000000100010
00000000100010
00000010000110
00000001011001
00000000110110
00000000111011
00001110100000
00001111001100
00001010111110
00001100101110
00000010011000
00000010011000
00000001111100
00000010011000
00000001100011
00000001100011
00000001001100
00000001001100
00000001110000
00000000101010
00000001110000
00000000100010
00000001010100
00000010000110
00000000011100
00000000110110
00001111000110
00001110100000
00001011011001
00001010111110
00001010110000
00000000000000
00001011001010
00001000000010
00001011100100
00001000010110
00001100000000
00001000110010
00000000000000
00000000000000
00001101010100
00001101101000
00000001100110
00000001001000
00000011011100
00000101000110
00000010001000
00000010001101
00000010011000
00000010011000
00000001100011
00000001100011
00000001100011
00000001100011
00000001101110
00000000101010
00000001110000
00000000101010
00000001100111
00000010000110
00000001010100
00000010000110
00001111101010
00001110010110
00001110111100
00001101111110
00000101101100
00000000000000
00000000000000
00000110110010
00000110101000
00001100100110
00000000000000
00001100000010
00001001000010
00001011010110
00000000000000
00001100101010
00001001100000
00000000000000
00000000000000
00000101111000
00001011110000
00000000000000
00001100100010
00000000000000
00001010111000
00000110101000
00001100110100
00000000000000
00001101001000
00000000000000
00001001100100
00000000000000
00001110010000
00000000000000
00001000001010
00000010110000
00001011110000
00000000000000
00001100100010
00000000000000
00001010111000
00000110101000
00001100110100
00000000000000
00001101001000
00000000000000
00001001100100
00000000000000
00001110010000
00000000000000
00001000001010
00000010110000
00010110011000
00011111001001
00010110000000
00011110000011
00101101010010
00111110011110
00101100010101
00111100101001
00001011110000
00000000000000
00001100100010
00000000000000
00001010111000
00000110101000
00001100110100
00000000000000
00001101001000
00000000000000
00001001100100
00000000000000
00001110010000
00000000000000
00001000001010
00000010110000
00000001000010
00000010010001
00000010001000
00000010001101
00000001111000
00000010100001
00000001100011
00000010001010
00000001101110
00000010011100
00000000011011
00000000111101
00000001010110
00000010101010
00000001011000
00000010011101
00001011110000
00000000000000
00001100100010
00000000000000
00001010111000
00000110101000
00001100110100
00000000000000
00001101001000
00000000000000
00001001100100
00000000000000
00001110010000
00000000000000
00001000001010
00000010110000
00000010010001
00000010001110
00000010001101
00000010001000
00000010100001
00000001100100
00000010001010
00000001101101
00000010011100
00000010110010
00000000111101
00000000101010
00000010101010
00000010101010
00000010011101
00000010011110
00000010001110
00000010001101
00000010001000
00000001010111
00000001100100
00000001010000
00000001101101
00000001101101
00000010110010
00000001001011
00000000101010
00000000011111
00000010101010
00000010110010
00000010011110
00000010011110
00000010010001
00000010001110
00000010001101
00000010001000
00000010100001
00000001100100
00000010001010
00000001101101
00000010011100
00000010110010
00000000111101
00000000101010
00000010101010
00000010101010
00000010011101
00000010011110
00000000000000
00000000000000
00000110110010
00000101111100
00001100100110
00000100010000
00001100000010
00000000000000
00001011010110
00001011000010
00001100101010
00000000000000
00000000000000
00000100010000
00000101111000
00001001100100
00000010001000
00000001010111
00000010001101
00000001101100
00000001101101
00000001101101
00000001100011
00000010100001
00000000101010
00000000011111
00000000101010
00000000011111
00000010011110
00000010011110
00000010000110
00000010000110
00000001010111
00000010001110
00000001101100
00000010010111
00000001101101
00000010000000
00000010100001
00000010101001
00000000011111
00000000101010
00000000011111
00000000101010
00000010011110
00000010010010
00000010000110
00000010000100
00001101011011
00001111000110
00001110000100
00001110111110
00000101111100
00001001010000
00000100001010
00000000000000
00000000000000
00001000011010
00001010011000
00000000000000
00001000111110
00001011101010
00000000000000
00000000000000
00001001100100
00000000000000
00000110000000
00000110111100
00011101000101
00011111011010
00011111000101
00011111001101
00000010001101
00000010011110
00000001010111
00000010001110
00000001010000
00000010110010
00000001101101
00000010000000
00000001001011
00000001001011
00000000011111
00000000101010
00000010110010
00000010011111
00000010011110
00000010010010
00000101111100
00001001010000
00000100001010
00000000000000
00000000000000
00001000011010
00001010011000
00000000000000
00001000111110
00001011101010
00000000000000
00000000000000
00001001100100
00000000000000
00000110000000
00000110111100
00000101111100
00001001010000
00000100001010
00000000000000
00000000000000
00001000011010
00001010011000
00000000000000
00001000111110
00001011101010
00000000000000
00000000000000
00001001100100
00000000000000
00000110000000
00000110111100
00000100001010
00000000000000
00001001101110
00000100000000
00001010011000
00000000111100
00001111000010
00000000000000
00000100111000
00001000111100
00000000000000
00001000101010
00000110000000
00000110111100
00000000000000
00000000000000
00000000000000
00000000000000
00000111101000
00001001101110
00000000000000
00001010011000
00001000010110
00001111000010
00001010111010
00000100111000
00001010001110
00000000000000
00000101100010
00000110000000
00000001001000
00000000000000
00000000000000
00000000000000
00000111101000
00001001101110
00000000000000
00001010011000
00001000010110
00001111000010
00001010111010
00000100111000
00001010001110
00000000000000
00000101100010
00000110000000
00000001001000
00000000000000
00111110110010
00111111100101
00111110111111
00111101110010
00111101000111
00111110110010
00111101010001
00111110111111
00111101000111
00111110110010
00111101010001
00111110111111
00111100010000
00111100111110
00111101000111
00111110110010
00111100101001
00111100010000
00111100011111
00111101000111
00000010001000
00000001010111
00000010001101
00000001101100
00000001101101
00000001101101
00000001100011
00000010100001
00000000101010
00000000011111
00000000101010
00000000011111
00000010011110
00000010011110
00000010000110
00000010000110
00111100010000
00111100111110
00111101000111
00111110110010
00000001010111
00000010001110
00000001101100
00000010010111
00000001101101
00000010000000
00000010100001
00000010101001
00000000011111
00000000101010
00000000011111
00000000101010
00000010011110
00000010010010
00000010000110
00000010000100
00000110110010
00000101111100
00000000000000
00000000000000
00001100000010
00000000000000
00000000000000
00001010011000
00001100101010
00001000111110
00001010111010
00000000000000
00000101111000
00001001100100
00000000000000
00000110000000
00111100010000
00111100111110
00111101000111
00111110110010
00111110011100
00111011110100
00111100010000
00111100111110
00000110110010
00000101111100
00000000000000
00000000000000
00001100000010
00000000000000
00000000000000
00001010011000
00001100101010
00001000111110
00001010111010
00000000000000
00000101111000
00001001100100
00000000000000
00000110000000
00111101000111
00111110110010
00111101010001
00111110111111
00011110111010
00011111000101
00011111000010
00011111011010
00000001101100
00000010010111
00000010010111
00000010101011
00000010100001
00000010101001
00000010101001
00000010101001
00000000011111
00000000101010
00000000101010
00000001001001
00000010000110
00000010000100
00000001011001
00000010000100
00000000000000
00000000000000
00001001110000
00001011011010
00000000000000
00000000000000
00010001110000
00010010001100
00000000000000
00001000101010
00000111010110
00001001110100
00000000000000
00000000000000
00001000101100
00001010001010
00011110010110
00011111001011
00010111010110
00010110010101
00000010101011
00000010101011
00000001000001
00000001000001
00000010101001
00000010001111
00000001001100
00000001001100
00000001001001
00000001001001
00000001001001
00000001001001
00000010000100
00000001111111
00000000111011
00000000111011
00000010010111
00000010010111
00000010101011
00000010101011
00000010101001
00000010101001
00000010101001
00000010001111
00000000101010
00000010100110
00000001001001
00000001001001
00000010000100
00000010000100
00000010000100
00000001111111
00000010010111
00000010010111
00000010101011
00000010101011
00000010101001
00000010101001
00000010101001
00000010001111
00000000101010
00000010100110
00000001001001
00000001001001
00000010000100
00000010000100
00000010000100
00000001111111
00000001101100
00000010010111
00000010010111
00000010101011
00000010100001
00000010101001
00000010101001
00000010101001
00000000011111
00000000101010
00000000101010
00000001001001
00000010000110
00000010000100
00000001011001
00000010000100
00000000000000
00000000000000
00001001110000
00001011011010
00000000000000
00000000000000
00010001110000
00010010001100
00000000000000
00001000101010
00000111010110
00001001110100
00000000000000
00000000000000
00001000101100
00001010001010
00111110111111
00111101110010
00101111100010
00101111011001
00111101110010
00111101001011
00101111011001
00101101011000
00000010101011
00000010101011
00000001000001
00000001000001
00000010001111
00000010001000
00000001001100
00000000110110
00000001001001
00000001101100
00000001001001
00000001100101
00000001111111
00000001011011
00000000111011
00000001010101
00000010101011
00000001011101
00000001000001
00000000000000
00000010001000
00000010001000
00000000110110
00000000000000
00000001101100
00000001000001
00000001100101
00000000000000
00000001011011
00000001000011
00000001010101
00000000000000
00000000000000
00010000011100
00001010101010
00001101011010
00001011101110
00001110001000
00000000000000
00010000011000
00000000000000
00001001000000
00001100100110
00001110010010
00000011011010
00001011100000
00001011100010
00001101110010
00000010101011
00000001011101
00000001000001
00000000000000
00000010001000
00000010001000
00000000110110
00000000000000
00000001101100
00000001000001
00000001100101
00000000000000
00000001011011
00000001000011
00000001010101
00000000000000
00000010101011
00000001011101
00000001000001
00000000000000
00000010001000
00000010001000
00000000110110
00000000000000
00000001101100
00000001000001
00000001100101
00000000000000
00000001011011
00000001000011
00000001010101
00000000000000
00000000000000
00010000011100
00001010101010
00001101011010
00001011101110
00001110001000
00000000000000
00010000011000
00000000000000
00001001000000
00001100100110
00001110010010
00000011011010
00001011100000
00001011100010
00001101110010
00000010101011
00000001011101
00000001000001
00000000000000
00000010001000
00000010001000
00000000110110
00000000000000
00000001101100
00000001000001
00000001100101
00000000000000
00000001011011
00000001000011
00000001010101
00000000000000
00000000000000
00010000011100
00001010101010
00001101011010
00001011101110
00001110001000
00000000000000
00010000011000
00000000000000
00001001000000
00001100100110
00001110010010
00000011011010
00001011100000
00001011100010
00001101110010
00000010101011
00000001011101
00000001000001
00000000000000
00000010001000
00000010001000
00000000110110
00000000000000
00000001101100
00000001000001
00000001100101
00000000000000
00000001011011
00000001000011
00000001010101
00000000000000
00000010101011
00000001011101
00000001000001
00000000000000
00000010001000
00000010001000
00000000110110
00000000000000
00000001101100
00000001000001
00000001100101
00000000000000
00000001011011
00000001000011
00000001010101
00000000000000
00000010101011
00000001011101
00000001000001
00000000000000
00000010001000
00000010001000
00000000110110
00000000000000
00000001101100
00000001000001
00000001100101
00000000000000
00000001011011
00000001000011
00000001010101
00000000000000
00010001100110
00001101101101
00001101011011
00001010000110
